##BLOCKS= 1          
Plate:	Plate 2437	1.3	PlateFormat	Endpoint	Absorbance	Raw	FALSE	1						1	405	1	12	96	1	8	None	
	Temperature(¡C)	1	2	3	4	5	6	7	8	9	10	11	12		
	26.00	3.170838	2.156638	1.323538	0.662538	0.121138	0.020538	-0.030963	-0.060663	-0.076463	-0.074363	-0.095963	0.073538		
		3.208038	1.839338	0.956138	0.606838	0.206538	0.106838	-0.009063	-0.006563	-0.054863	-0.064763	-0.086263	-0.008863		
		3.431638	3.171338	1.630238	0.927038	0.267838	0.123238	0.043338	-0.037063	-0.057463	-0.070163	-0.090263	-0.014863		
		3.204038	2.345038	1.379538	0.551338	0.280138	0.106138	0.039638	-0.026963	-0.060063	-0.067763	-0.083563	-0.017463		
		3.545838	3.096838	1.732338	1.144338	0.637038	0.428738	0.359538	0.069538	0.030938	-0.042763	-0.091763	-0.028463		
		3.532738	3.239238	1.633338	1.093838	0.688538	0.343838	0.186038	0.068138	0.030038	-0.020063	-0.083163	0.040338		
		2.568038	1.591338	0.831938	0.259538	0.117538	0.075838	-0.016263	-0.047663	-0.058263	-0.065063	-0.083963	-0.034763		
		2.694638	2.027338	0.899438	0.317038	0.195238	0.019238	0.035438	-0.051063	-0.054763	-0.065063	-0.044363	-0.009463		
		
~End
Instrument type: Instrument serial number:
