##BLOCKS= 1          
Plate:	Plate 2438	1.3	PlateFormat	Endpoint	Absorbance	Raw	FALSE	1						1	405	1	12	96	1	8	None	
	Temperature(¡C)	1	2	3	4	5	6	7	8	9	10	11	12		
	26.00	3.396863	3.155763	2.297763	1.537663	0.917063	0.592963	0.188463	0.052363	-0.004738	-0.052338	-0.098438	0.001562		
		3.507163	3.201963	2.418763	1.389563	0.756163	0.376663	0.154263	0.057963	-0.030638	-0.046038	-0.092338	-0.002638		
		3.449963	3.587963	2.807763	2.315363	1.287363	0.877263	0.469863	0.210563	0.128863	0.011963	-0.098138	0.002563		
		3.528963	3.372963	3.015163	2.217363	1.302363	0.792363	0.367163	0.175963	0.045963	0.025163	-0.093938	-0.023738		
		3.505863	3.494863	3.091163	1.912263	1.106563	0.503463	0.222263	0.049063	0.010063	-0.046938	-0.096238	-0.018438		
		3.649663	3.486863	3.006063	1.722163	1.131163	0.532863	0.301163	0.076063	0.026163	-0.040438	-0.093038	-0.019138		
		3.621163	3.668763	3.609363	2.905063	1.699663	0.879163	0.615263	0.209263	0.085063	0.011763	-0.095438	0.048763		
		3.559763	3.640963	3.537463	3.272063	2.094763	1.131463	0.684163	0.401763	0.126163	0.016863	-0.077838	0.011063		
		
~End
Instrument type: Instrument serial number:
